DateTime,From,Value_IN
2021/9/6 18:08,0x074b7a1ba7d31a5ce782952b6b052daa3e822368,10.0
