DateTime,From,Value_IN
2021/5/1 4:27,0x16f39ae619ce0973e22301fbc95ec42e8eee54ca,100.0
2021/5/26 3:46,0x16f39ae619ce0973e22301fbc95ec42e8eee54ca,100.0
2021/6/21 11:10,0x16f39ae619ce0973e22301fbc95ec42e8eee54ca,10.0
2021/7/23 5:16,0x16f39ae619ce0973e22301fbc95ec42e8eee54ca,10.0
2021/7/23 5:17,0x16f39ae619ce0973e22301fbc95ec42e8eee54ca,10.0
