DateTime,From,Value_IN
2021/5/2 12:44,0x1836677416a17d7708e791c7e0579c96c02385f3,0.1
