DateTime,From,Value_IN
2020/11/16 10:21,0x2274d4bf8e624070e53a75a61f36e936b58e6c88,100.0
