DateTime,From,Value_IN
2021/2/9 14:49,0x2dcda524934942f162e0ac56f373c812fd8e0c65,100.0
