DateTime,From,Value_IN
2021/1/24 2:19,0x3da9d70305b83db1f545a5d50b19208b93cd0c21,100.0
2021/2/21 12:27,0x3da9d70305b83db1f545a5d50b19208b93cd0c21,1.0
2021/2/27 0:04,0x3da9d70305b83db1f545a5d50b19208b93cd0c21,1.0
2021/2/27 0:12,0x3da9d70305b83db1f545a5d50b19208b93cd0c21,1.0
2021/3/2 8:53,0x3da9d70305b83db1f545a5d50b19208b93cd0c21,1.0
2021/12/18 12:04,0x3da9d70305b83db1f545a5d50b19208b93cd0c21,10.0
