DateTime,From,Value_IN
2021/4/25 21:37,0x4748267f5e8441d3877c9d6da985de528344d801,1.0
