DateTime,From,Value_IN
2021/4/3 11:34,0x54a771a07ec9663ea208e9efeaa57af339188b96,10.0
2021/4/3 11:35,0x54a771a07ec9663ea208e9efeaa57af339188b96,10.0
2021/4/3 11:36,0x54a771a07ec9663ea208e9efeaa57af339188b96,10.0
2021/4/3 11:36,0x54a771a07ec9663ea208e9efeaa57af339188b96,10.0
2021/4/3 11:37,0x54a771a07ec9663ea208e9efeaa57af339188b96,10.0
