DateTime,From,Value_IN
2021/8/25 20:33,0x64d8d1e80206cd9a532015fe532fd8c02509a65c,100.0
