DateTime,From,Value_IN
2020/10/25 3:06,0x7a5dc8262fac5fd2a12801e486cf4ae9f10dcd05,0.1
