DateTime,From,Value_IN
2022/3/3 4:31,0xac1c9ca0f12c7cf1284aaa7bd5be3e00129ac5e4,1.0
2022/3/3 4:32,0xac1c9ca0f12c7cf1284aaa7bd5be3e00129ac5e4,1.0
2022/3/3 4:32,0xac1c9ca0f12c7cf1284aaa7bd5be3e00129ac5e4,1.0
2022/3/4 9:37,0xac1c9ca0f12c7cf1284aaa7bd5be3e00129ac5e4,0.1
