DateTime,From,Value_IN
2021/6/13 20:52,0xbc862a1d9a4f1abe62e2aa5ba58e74a4dc07dedc,0.1
2021/7/27 8:49,0xbc862a1d9a4f1abe62e2aa5ba58e74a4dc07dedc,0.1
2021/9/14 10:56,0xbc862a1d9a4f1abe62e2aa5ba58e74a4dc07dedc,0.1
