DateTime,From,Value_IN
2020/9/12 17:38,0xc026a3d789027b26c2037737192f33a38a7befdf,0.1
2020/10/4 7:45,0xc026a3d789027b26c2037737192f33a38a7befdf,100.0
