DateTime,From,Value_IN
2021/7/23 15:03,0xc7f40676dbcf84d3cee5c0a27d11d1626e36022b,10.0
