DateTime,From,Value_IN
2021/11/14 11:11,0xcd2641775426fc569caf4709ccee1fa3b7a8f2fb,100.0
2021/12/10 10:01,0xcd2641775426fc569caf4709ccee1fa3b7a8f2fb,100.0
