DateTime,From,Value_IN
2021/11/20 5:15,0xd793255eaab1c39c8a0fc1bfe6a323051e2fb1ac,10.0
