DateTime,From,Value_IN
2021/1/11 9:48,0xdbde22a1e2b3412b3b40956dd845efcf5f5668d1,0.1
