DateTime,From,Value_IN
2021/7/19 5:49,0xde3be81ffe86505d5673417af569bd4c7c6ad3ce,100.0
2021/7/19 5:57,0xde3be81ffe86505d5673417af569bd4c7c6ad3ce,100.0
2021/7/20 3:55,0xde3be81ffe86505d5673417af569bd4c7c6ad3ce,100.0
2021/7/22 3:23,0xde3be81ffe86505d5673417af569bd4c7c6ad3ce,10.0
2021/7/22 3:35,0xde3be81ffe86505d5673417af569bd4c7c6ad3ce,10.0
2021/9/12 5:36,0xde3be81ffe86505d5673417af569bd4c7c6ad3ce,10.0
