DateTime,From,Value_IN
2022/3/7 9:04,0xefa8855f2aab6b9cc4c070e9ed78ecf673688e9e,0.1
